   0.0000 0.0000e+00 0.0000e+00 0.0000e+00 0.0000e+00 0.0000e+00 0.0000e+00 0.0000e+00 0.0000e+00 0.0000e+00 0.0000e+00 0.0000e+00 0.0000e+00 0.0000e+00 0.0000e+00 0.0000e+00
   0.2500 5.9953e+07 1.7977e+07 2.0047e+08 3.0596e+07 1.9796e+08 4.5774e+07 5.9953e+07 3.3512e+07 8.6391e+07 1.8254e+08 1.2932e+08 1.7863e+08 3.0596e+07 1.9796e+08 4.0054e+07
   0.5000 1.0621e+08 3.5510e+07 3.1771e+08 4.8965e+07 3.1386e+08 9.5988e+07 1.0621e+08 6.5994e+07 1.4642e+08 2.0757e+08 2.0046e+08 2.7102e+08 5.6353e+07 3.1386e+08 4.8965e+07
   0.7500 1.4585e+08 3.2610e+07 4.0144e+08 4.5188e+07 3.9677e+08 1.2201e+08 1.6144e+08 9.9780e+07 1.9192e+08 1.7467e+08 2.4051e+08 3.3860e+08 7.9444e+07 3.9677e+08 4.5188e+07
   1.0000 1.7302e+08 2.7258e+07 4.5033e+08 3.9307e+07 4.4357e+08 1.3717e+08 2.1327e+08 1.2738e+08 2.1865e+08 1.3700e+08 2.5342e+08 3.7583e+08 9.5921e+07 4.4357e+08 3.9307e+07
   1.2500 1.8237e+08 2.3251e+07 4.5307e+08 3.4309e+07 4.4440e+08 1.4077e+08 2.3670e+08 1.4155e+08 2.2319e+08 1.0750e+08 2.4199e+08 3.7183e+08 1.0273e+08 4.4440e+08 3.4309e+07
   1.5000 1.7567e+08 2.1328e+07 4.1748e+08 3.0846e+07 4.0829e+08 1.3459e+08 2.3224e+08 1.4162e+08 2.0972e+08 8.7267e+07 2.1469e+08 3.3572e+08 1.0061e+08 4.0829e+08 3.0846e+07
   1.7500 1.5891e+08 2.2098e+07 3.6193e+08 2.9964e+07 3.5339e+08 1.2215e+08 2.1044e+08 1.3172e+08 1.8610e+08 7.7392e+07 1.8144e+08 2.8526e+08 9.2584e+07 3.5339e+08 2.9964e+07
   2.0000 1.3795e+08 2.5825e+07 3.0195e+08 3.2302e+07 2.9460e+08 1.0694e+08 1.8163e+08 1.1677e+08 1.5914e+08 7.7723e+07 1.4911e+08 2.3399e+08 8.1770e+07 2.9460e+08 3.2302e+07
   2.2500 1.1672e+08 2.9196e+07 2.4629e+08 3.4533e+07 2.4024e+08 9.1441e+07 1.5231e+08 1.0040e+08 1.3305e+08 7.8524e+07 1.2079e+08 1.8839e+08 7.0359e+07 2.4024e+08 3.4533e+07
   2.5000 9.7281e+07 2.9913e+07 1.9851e+08 3.4261e+07 1.9364e+08 7.7045e+07 1.2568e+08 8.4735e+07 1.0983e+08 7.4330e+07 9.7247e+07 1.5041e+08 5.9591e+07 1.9364e+08 3.4261e+07
   2.7500 8.0419e+07 2.8477e+07 1.5918e+08 3.1974e+07 1.5530e+08 6.4366e+07 1.0286e+08 7.0753e+07 9.0085e+07 6.6745e+07 7.8175e+07 1.1976e+08 5.0020e+07 1.5530e+08 3.1974e+07
   3.0000 6.6231e+07 2.6198e+07 1.2751e+08 2.9010e+07 1.2442e+08 5.3534e+07 8.3904e+07 5.8745e+07 7.3718e+07 5.8535e+07 6.2939e+07 9.5451e+07 4.1793e+07 1.2442e+08 2.9010e+07
   3.2500 5.4486e+07 2.3603e+07 1.0228e+08 2.5873e+07 9.9828e+07 4.4440e+07 6.8414e+07 4.8648e+07 6.0324e+07 5.0644e+07 5.0843e+07 7.6328e+07 3.4851e+07 9.9828e+07 2.5873e+07
   3.5000 4.4849e+07 2.0947e+07 8.2252e+07 2.2784e+07 8.0302e+07 3.6885e+07 5.5851e+07 4.0264e+07 4.9435e+07 4.3407e+07 4.1254e+07 6.1313e+07 2.9056e+07 8.0302e+07 2.2784e+07
   3.7500 3.6981e+07 1.8417e+07 6.6389e+07 1.9912e+07 6.4830e+07 3.0650e+07 4.5701e+07 3.3350e+07 4.0612e+07 3.7026e+07 3.3648e+07 4.9521e+07 2.4247e+07 6.4830e+07 1.9912e+07
   4.0000 3.0576e+07 1.6101e+07 5.3813e+07 1.7322e+07 5.2566e+07 2.5530e+07 3.7504e+07 2.7679e+07 3.3472e+07 3.1498e+07 2.7586e+07 4.0218e+07 2.0275e+07 5.2566e+07 1.7322e+07
   4.2500 2.5364e+07 1.4024e+07 4.3823e+07 1.5024e+07 4.2823e+07 2.1331e+07 3.0886e+07 2.3036e+07 2.7693e+07 2.6766e+07 2.2737e+07 3.2848e+07 1.7000e+07 4.2823e+07 1.5024e+07
   4.5000 2.1124e+07 1.2183e+07 3.5869e+07 1.3006e+07 3.5066e+07 1.7888e+07 2.5538e+07 1.9236e+07 2.3011e+07 2.2747e+07 1.8844e+07 2.6988e+07 1.4300e+07 3.5066e+07 1.3006e+07
   4.7500 1.7669e+07 1.0580e+07 2.9523e+07 1.1260e+07 2.8875e+07 1.5061e+07 2.1216e+07 1.6128e+07 1.9211e+07 1.9359e+07 1.5700e+07 2.2299e+07 1.2075e+07 2.8875e+07 1.1260e+07
   5.0000 1.4846e+07 9.1927e+06 2.4433e+07 9.7582e+06 2.3908e+07 1.2732e+07 1.7708e+07 1.3577e+07 1.6114e+07 1.6508e+07 1.3144e+07 1.8523e+07 1.0237e+07 2.3908e+07 9.7582e+06
   5.2500 1.2528e+07 7.9936e+06 2.0327e+07 8.4665e+06 1.9898e+07 1.0807e+07 1.4850e+07 1.1477e+07 1.3578e+07 1.4108e+07 1.1058e+07 1.5466e+07 8.7126e+06 1.9898e+07 8.4665e+06
   5.5000 1.0617e+07 6.9575e+06 1.6995e+07 7.3547e+06 1.6644e+07 9.2093e+06 1.2511e+07 9.7400e+06 1.1493e+07 1.2086e+07 9.3473e+06 1.2978e+07 7.4435e+06 1.6644e+07 7.3547e+06
   5.7500 9.0349e+06 6.0493e+06 1.4281e+07 6.3828e+06 1.3992e+07 7.8779e+06 1.0588e+07 8.2989e+06 9.7709e+06 1.0380e+07 7.9370e+06 1.0944e+07 6.3828e+06 1.3992e+07 6.3999e+06
   6.0000 7.7194e+06 5.2180e+06 1.2058e+07 5.4928e+06 1.1818e+07 6.7637e+06 8.9991e+06 7.0979e+06 8.3409e+06 8.9391e+06 6.7682e+06 9.2727e+06 5.4928e+06 1.1818e+07 5.5796e+06
   6.2500 6.6206e+06 4.5156e+06 1.0227e+07 4.7434e+06 1.0027e+07 5.8277e+06 7.6804e+06 6.0929e+06 7.1484e+06 7.7182e+06 5.7952e+06 7.8907e+06 4.7434e+06 1.0027e+07 4.8741e+06
   6.5000 5.6992e+06 3.9203e+06 8.7114e+06 4.1101e+06 8.5441e+06 5.0386e+06 6.5808e+06 5.2487e+06 6.1496e+06 6.6816e+06 4.9814e+06 6.7425e+06 4.1101e+06 8.5441e+06 4.2663e+06
   6.7500 4.9234e+06 3.4140e+06 7.4507e+06 3.5730e+06 7.3099e+06 4.3708e+06 5.6599e+06 4.5370e+06 5.3097e+06 5.7994e+06 4.2981e+06 5.7842e+06 3.5730e+06 7.3099e+06 3.7418e+06
   7.0000 4.2677e+06 2.9818e+06 6.3972e+06 3.1156e+06 6.2782e+06 3.8036e+06 4.8857e+06 3.9349e+06 4.6006e+06 5.0473e+06 3.7220e+06 4.9814e+06 3.1156e+06 6.2782e+06 3.2886e+06
   7.2500 3.7114e+06 2.6116e+06 5.5130e+06 2.7247e+06 5.4120e+06 3.3202e+06 4.2320e+06 3.4234e+06 3.9994e+06 4.4039e+06 3.2341e+06 4.3061e+06 2.7247e+06 5.4120e+06 2.8962e+06
   7.5000 3.2376e+06 2.2936e+06 4.7679e+06 2.3897e+06 4.6817e+06 2.9067e+06 3.6780e+06 2.9874e+06 3.4878e+06 3.8518e+06 2.8194e+06 3.7355e+06 2.3897e+06 4.6817e+06 2.5556e+06
   7.7500 2.8327e+06 2.0197e+06 4.1375e+06 2.1017e+06 4.0636e+06 2.5518e+06 3.2066e+06 2.6145e+06 3.0509e+06 3.3767e+06 2.4656e+06 3.2515e+06 2.1017e+06 4.0636e+06 2.2597e+06
   8.0000 2.4855e+06 1.7831e+06 3.6022e+06 1.8534e+06 3.5386e+06 2.2463e+06 2.8040e+06 2.2945e+06 2.6766e+06 2.9666e+06 2.1625e+06 2.8393e+06 1.8534e+06 3.5386e+06 2.0019e+06
   8.2500 2.1871e+06 1.5782e+06 3.1460e+06 1.6387e+06 3.0911e+06 1.9826e+06 2.4594e+06 2.0193e+06 2.3548e+06 2.6125e+06 1.9022e+06 2.4870e+06 1.6387e+06 3.0911e+06 1.7771e+06
   8.5000 1.9298e+06 1.4003e+06 2.7559e+06 1.4525e+06 2.7083e+06 1.7545e+06 2.1634e+06 1.7819e+06 2.0776e+06 2.3065e+06 1.6780e+06 2.1849e+06 1.4525e+06 2.7083e+06 1.5808e+06
   8.7500 1.7072e+06 1.2453e+06 2.4213e+06 1.2906e+06 2.3798e+06 1.5564e+06 1.9084e+06 1.5766e+06 1.8378e+06 2.0413e+06 1.4842e+06 1.9249e+06 1.2906e+06 2.3798e+06 1.4090e+06
   9.0000 1.5141e+06 1.1099e+06 2.1333e+06 1.1494e+06 2.0970e+06 1.3840e+06 1.6879e+06 1.3983e+06 1.6299e+06 1.8107e+06 1.3161e+06 1.7004e+06 1.1494e+06 2.0970e+06 1.2583e+06
   9.2500 1.3460e+06 9.9139e+05 1.8847e+06 1.0259e+06 1.8529e+06 1.2335e+06 1.4967e+06 1.2431e+06 1.4490e+06 1.6097e+06 1.1700e+06 1.5060e+06 1.0259e+06 1.8529e+06 1.1259e+06
   9.5000 1.1994e+06 8.8738e+05 1.6696e+06 9.1763e+05 1.6416e+06 1.1017e+06 1.3303e+06 1.1076e+06 1.2912e+06 1.4340e+06 1.0425e+06 1.3372e+06 9.1763e+05 1.6416e+06 1.0094e+06
   9.7500 1.0711e+06 7.9587e+05 1.4828e+06 8.2251e+05 1.4581e+06 9.8609e+05 1.1852e+06 9.8902e+05 1.1531e+06 1.2801e+06 9.3102e+05 1.1902e+06 8.2251e+05 1.4581e+06 9.0653e+05
  10.0000 9.5852e+05 7.1522e+05 1.3201e+06 7.3876e+05 1.2982e+06 8.8439e+05 1.0584e+06 8.8501e+05 1.0320e+06 1.1450e+06 8.3327e+05 1.0617e+06 7.3876e+05 1.2982e+06 8.1571e+05
  10.2500 8.5962e+05 6.4399e+05 1.1778e+06 6.6485e+05 1.1584e+06 7.9478e+05 9.4715e+05 7.9360e+05 9.2563e+05 1.0263e+06 7.4738e+05 9.4927e+05 6.6485e+05 1.1584e+06 7.3534e+05
  10.5000 7.7249e+05 5.8093e+05 1.0531e+06 5.9947e+05 1.0358e+06 7.1564e+05 8.4945e+05 7.1309e+05 8.3190e+05 9.2175e+05 6.7171e+05 8.5056e+05 5.9947e+05 1.0358e+06 6.6408e+05
  10.7500 6.9556e+05 5.2498e+05 9.4361e+05 5.4151e+05 9.2806e+05 6.4558e+05 7.6340e+05 6.4199e+05 7.4913e+05 8.2948e+05 6.0489e+05 7.6371e+05 5.4151e+05 9.2806e+05 6.0075e+05
  11.0000 6.2747e+05 4.7523e+05 8.4720e+05 4.9002e+05 8.3325e+05 5.8343e+05 6.8742e+05 5.7906e+05 6.7588e+05 7.4784e+05 5.4576e+05 6.8712e+05 4.9002e+05 8.3325e+05 5.4436e+05
  11.2500 5.6708e+05 4.3092e+05 7.6217e+05 4.4417e+05 7.4962e+05 5.2819e+05 6.2018e+05 5.2326e+05 6.1090e+05 6.7546e+05 4.9331e+05 6.1943e+05 4.4417e+05 7.4962e+05 4.9406e+05
  11.5000 5.1340e+05 3.9136e+05 6.8703e+05 4.0327e+05 6.7571e+05 4.7898e+05 5.6055e+05 4.7366e+05 5.5315e+05 6.1114e+05 4.4669e+05 5.5948e+05 4.0327e+05 6.7571e+05 4.4910e+05
  11.7500 4.6560e+05 3.5599e+05 6.2051e+05 3.6672e+05 6.1028e+05 4.3506e+05 5.0756e+05 4.2948e+05 5.0171e+05 5.5389e+05 4.0516e+05 5.0628e+05 3.6672e+05 6.1028e+05 4.0886e+05
  12.0000 4.2294e+05 3.2430e+05 5.6149e+05 3.3399e+05 5.5223e+05 3.9580e+05 4.6036e+05 3.9007e+05 4.5581e+05 5.0281e+05 3.6811e+05 4.5897e+05 3.3399e+05 5.5223e+05 3.7277e+05
  12.2500 3.8481e+05 2.9588e+05 5.0895e+05 3.0465e+05 5.0054e+05 3.6062e+05 4.1825e+05 3.5484e+05 4.1478e+05 4.5717e+05 3.3498e+05 4.1675e+05 3.0465e+05 5.0054e+05 3.4037e+05
  12.5000 3.5065e+05 2.7034e+05 4.6207e+05 2.7830e+05 4.5442e+05 3.2906e+05 3.8060e+05 3.2328e+05 3.7801e+05 4.1631e+05 3.0531e+05 3.7900e+05 2.7830e+05 4.5442e+05 3.1122e+05
  12.7500 3.2000e+05 2.4735e+05 4.2018e+05 2.5459e+05 4.1320e+05 3.0069e+05 3.4688e+05 2.9497e+05 3.4502e+05 3.7966e+05 2.7868e+05 3.4520e+05 2.5459e+05 4.1320e+05 2.8496e+05
  13.0000 2.9244e+05 2.2662e+05 3.8268e+05 2.3322e+05 3.7630e+05 2.7514e+05 3.1661e+05 2.6952e+05 3.1537e+05 3.4673e+05 2.5474e+05 3.1488e+05 2.3322e+05 3.7630e+05 2.6127e+05
  13.2500 2.6764e+05 2.0791e+05 3.4905e+05 2.1393e+05 3.4321e+05 2.5210e+05 2.8941e+05 2.4661e+05 2.8867e+05 3.1709e+05 2.3319e+05 2.8764e+05 2.1393e+05 3.4321e+05 2.3985e+05
  13.5000 2.4527e+05 1.9098e+05 3.1884e+05 1.9649e+05 3.1348e+05 2.3130e+05 2.6492e+05 2.2595e+05 2.6458e+05 2.9038e+05 2.1375e+05 2.6312e+05 1.9649e+05 3.1348e+05 2.2045e+05
  13.7500 2.2506e+05 1.7564e+05 2.9167e+05 1.8070e+05 2.8674e+05 2.1248e+05 2.4283e+05 2.0730e+05 2.4283e+05 2.6627e+05 1.9619e+05 2.4104e+05 1.8070e+05 2.8674e+05 2.0287e+05
  14.0000 2.0679e+05 1.6173e+05 2.6718e+05 1.6638e+05 2.6265e+05 1.9543e+05 2.2288e+05 1.9043e+05 2.2315e+05 2.4447e+05 1.8030e+05 2.2110e+05 1.6638e+05 2.6265e+05 1.8690e+05
  14.2500 1.9023e+05 1.4910e+05 2.4509e+05 1.5337e+05 2.4092e+05 1.7996e+05 2.0483e+05 1.7514e+05 2.0532e+05 2.2474e+05 1.6591e+05 2.0309e+05 1.5337e+05 2.4092e+05 1.7238e+05
  14.5000 1.7522e+05 1.3760e+05 2.2513e+05 1.4154e+05 2.2128e+05 1.6591e+05 1.8848e+05 1.6128e+05 1.8915e+05 2.0684e+05 1.5285e+05 1.8680e+05 1.4154e+05 2.2128e+05 1.5916e+05
  14.7500 1.6157e+05 1.2713e+05 2.0706e+05 1.3077e+05 2.0349e+05 1.5313e+05 1.7364e+05 1.4870e+05 1.7445e+05 1.9059e+05 1.4098e+05 1.7202e+05 1.3077e+05 2.0349e+05 1.4712e+05
  15.0000 1.4916e+05 1.1759e+05 1.9067e+05 1.2095e+05 1.8737e+05 1.4150e+05 1.6016e+05 1.3724e+05 1.6108e+05 1.7582e+05 1.3018e+05 1.5860e+05 1.2095e+05 1.8737e+05 1.3614e+05
  15.2500 1.3786e+05 1.0888e+05 1.7578e+05 1.1199e+05 1.7272e+05 1.3088e+05 1.4790e+05 1.2682e+05 1.4889e+05 1.6238e+05 1.2035e+05 1.4639e+05 1.1199e+05 1.7272e+05 1.2610e+05
  15.5000 1.2754e+05 1.0092e+05 1.6224e+05 1.0380e+05 1.5940e+05 1.2119e+05 1.3672e+05 1.1731e+05 1.3778e+05 1.5012e+05 1.1137e+05 1.3527e+05 1.0380e+05 1.5940e+05 1.1693e+05
  15.7500 1.1813e+05 9.3630e+04 1.4992e+05 9.6304e+04 1.4728e+05 1.1233e+05 1.2653e+05 1.0863e+05 1.2763e+05 1.3894e+05 1.0318e+05 1.2513e+05 9.6304e+04 1.4728e+05 1.0853e+05
  16.0000 1.0952e+05 8.6954e+04 1.3868e+05 8.9439e+04 1.3622e+05 1.0423e+05 1.1722e+05 1.0069e+05 1.1835e+05 1.2872e+05 9.5681e+04 1.1587e+05 8.9439e+04 1.3622e+05 1.0083e+05
  16.2500 1.0164e+05 8.0831e+04 1.2842e+05 8.3142e+04 1.2613e+05 9.6802e+04 1.0871e+05 9.3434e+04 1.0986e+05 1.1938e+05 8.8818e+04 1.0741e+05 8.3142e+04 1.2613e+05 9.3763e+04
  16.5000 9.4427e+04 7.5208e+04 1.1904e+05 7.7360e+04 1.1691e+05 8.9992e+04 1.0092e+05 8.6784e+04 1.0207e+05 1.1082e+05 8.2529e+04 9.9672e+04 7.7360e+04 1.1691e+05 8.7273e+04
  16.7500 8.7807e+04 7.0040e+04 1.1047e+05 7.2046e+04 1.0847e+05 8.3740e+04 9.3779e+04 8.0685e+04 9.4928e+04 1.0298e+05 7.6759e+04 9.2578e+04 7.2046e+04 1.0847e+05 8.1304e+04
  17.0000 8.1728e+04 6.5285e+04 1.0261e+05 6.7156e+04 1.0074e+05 7.7994e+04 8.7229e+04 7.5087e+04 8.8369e+04 9.5780e+04 7.1459e+04 8.6073e+04 6.7156e+04 1.0074e+05 7.5809e+04
  17.2500 7.6140e+04 6.0905e+04 9.5396e+04 6.2652e+04 9.3652e+04 7.2708e+04 8.1214e+04 6.9942e+04 8.2338e+04 8.9171e+04 6.6586e+04 8.0099e+04 6.2652e+04 9.3652e+04 7.0745e+04
  17.5000 7.1000e+04 5.6867e+04 8.8778e+04 5.8500e+04 8.7144e+04 6.7841e+04 7.5683e+04 6.5211e+04 7.6789e+04 8.3094e+04 6.2102e+04 7.4609e+04 5.8500e+04 8.7144e+04 6.6074e+04
  17.7500 6.6263e+04 5.3140e+04 8.2695e+04 5.4667e+04 8.1162e+04 6.3354e+04 7.0592e+04 6.0852e+04 7.1675e+04 7.7500e+04 5.7969e+04 6.9557e+04 5.4667e+04 8.1162e+04 6.1760e+04
  18.0000 6.1893e+04 4.9696e+04 7.7096e+04 5.1126e+04 7.5658e+04 5.9209e+04 6.5898e+04 5.6830e+04 6.6956e+04 7.2340e+04 5.4155e+04 6.4903e+04 5.1126e+04 7.5658e+04 5.7774e+04
  18.2500 5.7856e+04 4.6512e+04 7.1939e+04 4.7852e+04 7.0588e+04 5.5378e+04 6.1566e+04 5.3116e+04 6.2596e+04 6.7577e+04 5.0632e+04 6.0611e+04 4.7852e+04 7.0588e+04 5.4087e+04
  18.5000 5.4124e+04 4.3565e+04 6.7183e+04 4.4822e+04 6.5913e+04 5.1833e+04 5.7565e+04 4.9682e+04 5.8566e+04 6.3176e+04 4.7375e+04 5.6649e+04 4.4822e+04 6.5913e+04 5.0672e+04
  18.7500 5.0671e+04 4.0834e+04 6.2793e+04 4.2015e+04 6.1598e+04 4.8551e+04 5.3865e+04 4.6506e+04 5.4836e+04 5.9107e+04 4.4360e+04 5.2988e+04 4.2015e+04 6.1598e+04 4.7508e+04
  19.0000 4.7474e+04 3.8302e+04 5.8738e+04 3.9413e+04 5.7612e+04 4.5510e+04 5.0441e+04 4.3565e+04 5.1382e+04 5.5341e+04 4.1569e+04 4.9603e+04 3.9413e+04 5.7612e+04 4.4573e+04
  19.2500 4.4510e+04 3.5953e+04 5.4987e+04 3.6998e+04 5.3926e+04 4.2689e+04 4.7270e+04 4.0840e+04 4.8181e+04 5.1853e+04 3.8981e+04 4.6469e+04 3.6998e+04 5.3926e+04 4.1849e+04
  19.5000 4.1762e+04 3.3770e+04 5.1515e+04 3.4754e+04 5.0515e+04 4.0071e+04 4.4331e+04 3.8312e+04 4.5211e+04 4.8619e+04 3.6581e+04 4.3565e+04 3.4754e+04 5.0515e+04 3.9318e+04
  19.7500 3.9210e+04 3.1742e+04 4.8298e+04 3.2670e+04 4.7355e+04 3.7639e+04 4.1605e+04 3.5966e+04 4.2454e+04 4.5620e+04 3.4352e+04 4.0873e+04 3.2670e+04 4.7355e+04 3.6964e+04
  20.0000 3.6840e+04 2.9856e+04 4.5316e+04 3.0730e+04 4.4425e+04 3.5379e+04 3.9074e+04 3.3788e+04 3.9892e+04 4.2835e+04 3.2281e+04 3.8374e+04 3.0730e+04 4.4425e+04 3.4775e+04
  20.2500 3.4636e+04 2.8099e+04 4.2548e+04 2.8925e+04 4.1706e+04 3.3277e+04 3.6722e+04 3.1762e+04 3.7510e+04 4.0248e+04 3.0356e+04 3.6053e+04 2.8925e+04 4.1706e+04 3.2735e+04
  20.5000 3.2586e+04 2.6463e+04 3.9977e+04 2.7243e+04 3.9181e+04 3.1320e+04 3.4535e+04 2.9879e+04 3.5294e+04 3.7843e+04 2.8564e+04 3.3896e+04 2.7243e+04 3.9181e+04 3.0835e+04
  20.7500 3.0678e+04 2.4938e+04 3.7586e+04 2.5674e+04 3.6834e+04 2.9497e+04 3.2500e+04 2.8126e+04 3.3231e+04 3.5606e+04 2.6896e+04 3.1889e+04 2.5674e+04 3.6834e+04 2.9063e+04
  21.0000 2.8900e+04 2.3515e+04 3.5363e+04 2.4211e+04 3.4650e+04 2.7798e+04 3.0605e+04 2.6492e+04 3.1308e+04 3.3523e+04 2.5341e+04 3.0020e+04 2.4211e+04 3.4650e+04 2.7409e+04
  21.2500 2.7243e+04 2.2187e+04 3.3292e+04 2.2845e+04 3.2617e+04 2.6213e+04 2.8840e+04 2.4970e+04 2.9515e+04 3.1582e+04 2.3891e+04 2.8279e+04 2.2845e+04 3.2617e+04 2.5864e+04
  21.5000 2.5696e+04 2.0946e+04 3.1363e+04 2.1568e+04 3.0723e+04 2.4734e+04 2.7193e+04 2.3551e+04 2.7842e+04 2.9773e+04 2.2538e+04 2.6655e+04 2.1568e+04 3.0723e+04 2.4421e+04
  21.7500 2.4252e+04 1.9785e+04 2.9564e+04 2.0375e+04 2.8957e+04 2.3352e+04 2.5656e+04 2.2225e+04 2.6279e+04 2.8084e+04 2.1274e+04 2.5140e+04 2.0375e+04 2.8957e+04 2.3071e+04
  22.0000 2.2902e+04 1.8700e+04 2.7885e+04 1.9258e+04 2.7309e+04 2.2060e+04 2.4220e+04 2.0986e+04 2.4818e+04 2.6506e+04 2.0093e+04 2.3725e+04 1.9258e+04 2.7309e+04 2.1808e+04
  22.2500 2.1639e+04 1.7683e+04 2.6318e+04 1.8212e+04 2.5771e+04 2.0850e+04 2.2878e+04 1.9827e+04 2.3452e+04 2.5031e+04 1.8988e+04 2.2403e+04 1.8212e+04 2.5771e+04 2.0625e+04
  22.5000 2.0457e+04 1.6731e+04 2.4852e+04 1.7233e+04 2.4333e+04 1.9718e+04 2.1622e+04 1.8742e+04 2.2172e+04 2.3651e+04 1.7953e+04 2.1166e+04 1.7233e+04 2.4333e+04 1.9517e+04
  22.7500 1.9351e+04 1.5838e+04 2.3482e+04 1.6314e+04 2.2989e+04 1.8656e+04 2.0446e+04 1.7727e+04 2.0974e+04 2.2360e+04 1.6984e+04 2.0009e+04 1.6314e+04 2.2989e+04 1.8478e+04
  23.0000 1.8313e+04 1.5001e+04 2.2200e+04 1.5453e+04 2.1731e+04 1.7662e+04 1.9345e+04 1.6775e+04 1.9852e+04 2.1150e+04 1.6076e+04 1.8926e+04 1.5453e+04 2.1731e+04 1.7503e+04
  23.2500 1.7341e+04 1.4215e+04 2.1000e+04 1.4644e+04 2.0553e+04 1.6728e+04 1.8313e+04 1.5883e+04 1.8798e+04 2.0016e+04 1.5224e+04 1.7911e+04 1.4644e+04 2.0553e+04 1.6588e+04
  23.5000 1.6428e+04 1.3477e+04 1.9875e+04 1.3885e+04 1.9450e+04 1.5852e+04 1.7344e+04 1.5046e+04 1.7810e+04 1.8953e+04 1.4425e+04 1.6959e+04 1.3885e+04 1.9450e+04 1.5729e+04
  23.7500 1.5572e+04 1.2784e+04 1.8820e+04 1.3172e+04 1.8415e+04 1.5030e+04 1.6436e+04 1.4261e+04 1.6883e+04 1.7955e+04 1.3674e+04 1.6066e+04 1.3172e+04 1.8415e+04 1.4922e+04
  24.0000 1.4767e+04 1.2132e+04 1.7830e+04 1.2501e+04 1.7445e+04 1.4257e+04 1.5583e+04 1.3523e+04 1.6011e+04 1.7019e+04 1.2969e+04 1.5228e+04 1.2501e+04 1.7445e+04 1.4162e+04
  24.2500 1.4010e+04 1.1519e+04 1.6901e+04 1.1870e+04 1.6534e+04 1.3530e+04 1.4781e+04 1.2829e+04 1.5192e+04 1.6139e+04 1.2306e+04 1.4440e+04 1.1870e+04 1.6534e+04 1.3448e+04
  24.5000 1.3299e+04 1.0942e+04 1.6029e+04 1.1276e+04 1.5678e+04 1.2846e+04 1.4028e+04 1.2177e+04 1.4421e+04 1.5312e+04 1.1683e+04 1.3700e+04 1.1276e+04 1.5678e+04 1.2776e+04
  24.7500 1.2630e+04 1.0398e+04 1.5209e+04 1.0717e+04 1.4874e+04 1.2202e+04 1.3319e+04 1.1564e+04 1.3696e+04 1.4534e+04 1.1096e+04 1.3004e+04 1.0717e+04 1.4874e+04 1.2143e+04
  25.0000 1.2000e+04 9.8864e+03 1.4437e+04 1.0190e+04 1.4118e+04 1.1596e+04 1.2652e+04 1.0986e+04 1.3014e+04 1.3803e+04 1.0544e+04 1.2350e+04 1.0190e+04 1.4118e+04 1.1546e+04
  25.2500 1.1406e+04 9.4039e+03 1.3711e+04 9.6931e+03 1.3407e+04 1.1025e+04 1.2023e+04 1.0442e+04 1.2370e+04 1.3114e+04 1.0024e+04 1.1733e+04 9.6931e+03 1.3407e+04 1.0984e+04
  25.5000 1.0847e+04 8.9488e+03 1.3028e+04 9.2246e+03 1.2738e+04 1.0487e+04 1.1432e+04 9.9296e+03 1.1764e+04 1.2465e+04 9.5331e+03 1.1153e+04 9.2246e+03 1.2738e+04 1.0453e+04
  25.7500 1.0320e+04 8.5194e+03 1.2384e+04 8.7826e+03 1.2107e+04 9.9792e+03 1.0874e+04 9.4464e+03 1.1193e+04 1.1853e+04 9.0705e+03 1.0606e+04 8.7826e+03 1.2107e+04 9.9528e+03
  26.0000 9.8220e+03 8.1141e+03 1.1778e+04 8.3652e+03 1.1512e+04 9.5001e+03 1.0347e+04 8.9906e+03 1.0653e+04 1.1277e+04 8.6341e+03 1.0090e+04 8.3652e+03 1.1512e+04 9.4802e+03
  26.2500 9.3524e+03 7.7312e+03 1.1205e+04 7.9710e+03 1.0952e+04 9.0477e+03 9.8507e+03 8.5604e+03 1.0144e+04 1.0733e+04 8.2221e+03 9.6027e+03 7.9710e+03 1.0952e+04 9.0336e+03
  26.5000 8.9089e+03 7.3692e+03 1.0666e+04 7.5982e+03 1.0423e+04 8.6203e+03 9.3818e+03 8.1542e+03 9.6635e+03 1.0220e+04 7.8329e+03 9.1432e+03 7.5982e+03 1.0423e+04 8.6115e+03
  26.7500 8.4898e+03 7.0269e+03 1.0156e+04 7.2457e+03 9.9240e+03 8.2164e+03 8.9389e+03 7.7704e+03 9.2092e+03 9.7348e+03 7.4651e+03 8.7093e+03 7.2457e+03 9.9240e+03 8.2121e+03
  27.0000 8.0936e+03 6.7030e+03 9.6748e+03 6.9121e+03 9.4528e+03 7.8345e+03 8.5203e+03 7.4076e+03 8.7796e+03 9.2766e+03 7.1174e+03 8.2993e+03 6.9121e+03 9.4528e+03 7.8342e+03
  27.2500 7.7189e+03 6.3964e+03 9.2201e+03 6.5963e+03 9.0076e+03 7.4731e+03 8.1245e+03 7.0645e+03 8.3734e+03 8.8435e+03 6.7886e+03 7.9118e+03 6.5963e+03 9.0076e+03 7.4764e+03
  27.5000 7.3644e+03 6.1061e+03 8.7903e+03 6.2973e+03 8.5868e+03 7.1312e+03 7.7500e+03 6.7398e+03 7.9889e+03 8.4339e+03 6.4773e+03 7.5453e+03 6.2973e+03 8.5868e+03 7.1376e+03
  27.7500 7.0288e+03 5.8311e+03 8.3838e+03 6.0139e+03 8.1889e+03 6.8074e+03 7.3956e+03 6.4326e+03 7.6250e+03 8.0464e+03 6.1827e+03 7.1986e+03 6.0139e+03 8.1889e+03 6.8166e+03
  28.0000 6.7110e+03 5.5705e+03 7.9991e+03 5.7454e+03 7.8125e+03 6.5007e+03 7.0601e+03 6.1416e+03 7.2803e+03 7.6795e+03 5.9036e+03 6.8703e+03 5.7454e+03 7.8125e+03 6.5122e+03
  28.2500 6.4098e+03 5.3233e+03 7.6350e+03 5.4908e+03 7.4562e+03 6.2100e+03 6.7422e+03 5.8659e+03 6.9537e+03 7.3321e+03 5.6392e+03 6.5595e+03 5.4908e+03 7.4562e+03 6.2237e+03
  28.5000 6.1244e+03 5.0889e+03 7.2902e+03 5.2492e+03 7.1188e+03 5.9344e+03 6.4410e+03 5.6046e+03 6.6441e+03 7.0029e+03 5.3885e+03 6.2650e+03 5.2492e+03 7.1188e+03 5.9499e+03
  28.7500 5.8537e+03 4.8665e+03 6.9635e+03 5.0200e+03 6.7991e+03 5.6731e+03 6.1554e+03 5.3569e+03 6.3505e+03 6.6909e+03 5.1508e+03 5.9859e+03 5.0200e+03 6.7991e+03 5.6901e+03
  29.0000 5.5970e+03 4.6554e+03 6.6538e+03 4.8024e+03 6.4961e+03 5.4251e+03 5.8846e+03 5.1219e+03 6.0720e+03 6.3951e+03 4.9252e+03 5.7213e+03 4.8024e+03 6.4961e+03 5.4435e+03
  29.2500 5.3533e+03 4.4549e+03 6.3601e+03 4.5957e+03 6.2089e+03 5.1896e+03 5.6276e+03 4.8989e+03 5.8077e+03 6.1144e+03 4.7112e+03 5.4702e+03 4.5957e+03 6.2089e+03 5.2093e+03
  29.5000 5.1219e+03 4.2644e+03 6.0815e+03 4.3994e+03 5.9364e+03 4.9661e+03 5.3836e+03 4.6872e+03 5.5567e+03 5.8480e+03 4.5079e+03 5.2319e+03 4.3994e+03 5.9364e+03 4.9868e+03
  29.7500 4.9022e+03 4.0834e+03 5.8171e+03 4.2128e+03 5.6778e+03 4.7537e+03 5.1519e+03 4.4861e+03 5.3183e+03 5.5952e+03 4.3148e+03 5.0057e+03 4.2128e+03 5.6778e+03 4.7753e+03
  30.0000 4.6934e+03 3.9113e+03 5.5660e+03 4.0354e+03 5.4323e+03 4.5519e+03 4.9318e+03 4.2950e+03 5.0918e+03 5.3550e+03 4.1313e+03 4.7909e+03 4.0354e+03 5.4323e+03 4.5743e+03